epoch,time,train/box_loss,train/cls_loss,train/dfl_loss,metrics/precision(B),metrics/recall(B),metrics/mAP50(B),metrics/mAP50-95(B),val/box_loss,val/cls_loss,val/dfl_loss,lr/pg0,lr/pg1,lr/pg2
1,122.357,3.70253,4.5367,3.73789,0.01188,0.01711,0.00242,0.00058,3.38177,4.28008,3.38716,0.00332653,0.00332653,0.0700612
2,228.77,3.1547,3.89602,3.01081,0.21016,0.10949,0.05925,0.01978,2.67787,3.64543,2.74122,0.00663789,0.00663789,0.0400392
3,325.5,2.50975,3.30835,2.46401,0.27303,0.18203,0.11821,0.04353,2.29488,3.12354,2.37152,0.00992724,0.00992724,0.00999527
4,421.837,2.19284,2.85977,2.12582,0.3197,0.27052,0.205,0.08211,2.0934,2.78905,2.14911,0.009901,0.009901,0.009901
5,517.612,2.03016,2.55054,1.96314,0.45789,0.33281,0.31864,0.13773,1.9488,2.44389,1.9551,0.009868,0.009868,0.009868
6,613.056,1.9383,2.35231,1.86047,0.49042,0.37547,0.37522,0.17431,1.87203,2.23186,1.86556,0.009835,0.009835,0.009835
7,707.607,1.87251,2.19772,1.79199,0.57209,0.4153,0.4328,0.20788,1.77617,2.09443,1.77816,0.009802,0.009802,0.009802
8,802.999,1.8232,2.1197,1.74769,0.56621,0.44265,0.46251,0.23005,1.71324,2.02487,1.71804,0.009769,0.009769,0.009769
9,898.512,1.78564,2.04451,1.71044,0.60632,0.45362,0.49628,0.25485,1.67583,1.92045,1.68778,0.009736,0.009736,0.009736
10,993.911,1.75633,1.97133,1.67678,0.61206,0.47618,0.51779,0.27298,1.63944,1.84403,1.64525,0.009703,0.009703,0.009703
11,1089.48,1.71164,1.90292,1.64105,0.60883,0.49857,0.53371,0.28525,1.62412,1.79426,1.61698,0.00967,0.00967,0.00967
12,1184.04,1.6873,1.85657,1.61401,0.65365,0.51718,0.56145,0.30691,1.58572,1.69897,1.59071,0.009637,0.009637,0.009637
13,1278.96,1.67419,1.81938,1.60379,0.6739,0.50737,0.57252,0.31828,1.55124,1.71479,1.552,0.009604,0.009604,0.009604
14,1374.53,1.6478,1.76745,1.57302,0.64098,0.52722,0.58262,0.32739,1.52781,1.67694,1.52713,0.009571,0.009571,0.009571
15,1472.6,1.624,1.73713,1.55413,0.68734,0.53982,0.60132,0.33779,1.52064,1.64425,1.5242,0.009538,0.009538,0.009538
16,1567.38,1.60131,1.69256,1.53633,0.69054,0.54964,0.6043,0.34149,1.5266,1.58026,1.51334,0.009505,0.009505,0.009505
17,1662.05,1.58603,1.66257,1.52224,0.69712,0.56566,0.6309,0.36898,1.47217,1.52046,1.47772,0.009472,0.009472,0.009472
18,1756.18,1.57892,1.63221,1.51042,0.69088,0.57476,0.62915,0.36881,1.47363,1.50779,1.47234,0.009439,0.009439,0.009439
19,1850.01,1.56145,1.59978,1.49161,0.69507,0.58137,0.64234,0.37918,1.44974,1.47386,1.45811,0.009406,0.009406,0.009406
20,1943.86,1.54933,1.58223,1.48983,0.69463,0.58814,0.64661,0.38588,1.43559,1.46173,1.44257,0.009373,0.009373,0.009373
21,2037.99,1.53771,1.564,1.47898,0.71616,0.59526,0.65326,0.38611,1.4316,1.45671,1.43251,0.00934,0.00934,0.00934
22,2131.91,1.53311,1.54049,1.46838,0.7389,0.59003,0.66725,0.40012,1.42277,1.41363,1.42419,0.009307,0.009307,0.009307
23,2226.61,1.51747,1.52194,1.45447,0.71261,0.61005,0.66597,0.40105,1.40045,1.41377,1.41286,0.009274,0.009274,0.009274
24,2321.51,1.51963,1.50722,1.44886,0.71719,0.60737,0.66645,0.40481,1.3966,1.40131,1.39789,0.009241,0.009241,0.009241
25,2416.28,1.51144,1.4926,1.43935,0.74156,0.60853,0.68267,0.41698,1.37954,1.35645,1.38951,0.009208,0.009208,0.009208
26,2510.79,1.49574,1.47339,1.43564,0.72221,0.61782,0.67424,0.41119,1.38631,1.36032,1.39185,0.009175,0.009175,0.009175
27,2605.35,1.48893,1.44817,1.42682,0.73173,0.63301,0.69771,0.42698,1.3723,1.32164,1.3812,0.009142,0.009142,0.009142
28,2699.94,1.47705,1.44268,1.42111,0.75158,0.62044,0.6963,0.43246,1.35761,1.31832,1.3732,0.009109,0.009109,0.009109
29,2795.07,1.47075,1.40845,1.4119,0.7427,0.62452,0.6947,0.43066,1.34829,1.30231,1.36518,0.009076,0.009076,0.009076
30,2889.86,1.45962,1.40593,1.40321,0.7572,0.63987,0.71088,0.44377,1.34391,1.26944,1.35888,0.009043,0.009043,0.009043
31,2984.45,1.45823,1.39745,1.3992,0.77933,0.63182,0.71661,0.45011,1.33165,1.24573,1.3513,0.00901,0.00901,0.00901
32,3078.61,1.45229,1.3839,1.39526,0.76378,0.65162,0.71815,0.44998,1.33522,1.23722,1.35181,0.008977,0.008977,0.008977
33,3173.93,1.43899,1.3725,1.38497,0.76672,0.64872,0.72041,0.45417,1.32018,1.24778,1.34156,0.008944,0.008944,0.008944
34,3268.4,1.43933,1.35413,1.39294,0.76802,0.64861,0.72603,0.46072,1.31153,1.21937,1.3335,0.008911,0.008911,0.008911
35,3363.13,1.43641,1.34988,1.38088,0.76967,0.65531,0.72682,0.45974,1.3127,1.20898,1.3271,0.008878,0.008878,0.008878
36,3457.47,1.42823,1.33823,1.37786,0.77451,0.66022,0.73588,0.46802,1.30498,1.20018,1.32743,0.008845,0.008845,0.008845
37,3552.19,1.42832,1.32305,1.37002,0.78504,0.65758,0.73791,0.47004,1.29783,1.17565,1.32497,0.008812,0.008812,0.008812
38,3646.72,1.41991,1.31712,1.36979,0.78096,0.65221,0.73577,0.46688,1.29251,1.17516,1.31595,0.008779,0.008779,0.008779
39,3740.77,1.4157,1.31623,1.36399,0.77576,0.65878,0.73504,0.47051,1.29175,1.17445,1.31252,0.008746,0.008746,0.008746
40,3835.82,1.40458,1.29668,1.35783,0.78095,0.67057,0.74308,0.47748,1.2817,1.163,1.30459,0.008713,0.008713,0.008713
41,3929.94,1.39875,1.29232,1.35588,0.78957,0.66453,0.74457,0.47558,1.27899,1.157,1.30226,0.00868,0.00868,0.00868
42,4024.44,1.39808,1.28512,1.34835,0.78498,0.67323,0.75163,0.48284,1.27108,1.14034,1.29636,0.008647,0.008647,0.008647
43,4119.03,1.39238,1.2734,1.34067,0.79037,0.67883,0.7537,0.48592,1.26952,1.1277,1.29247,0.008614,0.008614,0.008614
44,4213.98,1.38738,1.26288,1.33816,0.78302,0.67849,0.75283,0.48558,1.25598,1.12487,1.28279,0.008581,0.008581,0.008581
45,4308.17,1.38664,1.26653,1.33781,0.78502,0.67627,0.75131,0.49022,1.25303,1.12274,1.28013,0.008548,0.008548,0.008548
46,4402.93,1.37934,1.2562,1.33009,0.7929,0.67389,0.75504,0.48986,1.25574,1.10922,1.28037,0.008515,0.008515,0.008515
47,4497.14,1.37162,1.24358,1.327,0.79681,0.68958,0.76661,0.4978,1.25056,1.09793,1.27538,0.008482,0.008482,0.008482
48,4591.63,1.36814,1.222,1.31704,0.77886,0.69685,0.76776,0.49875,1.25074,1.08243,1.26917,0.008449,0.008449,0.008449
49,4685.94,1.36707,1.22726,1.3236,0.788,0.68833,0.76285,0.49898,1.24358,1.09293,1.2667,0.008416,0.008416,0.008416
50,4780.58,1.36856,1.22658,1.31913,0.78071,0.69583,0.76436,0.50175,1.2346,1.07991,1.26036,0.008383,0.008383,0.008383
51,4874.87,1.35731,1.20941,1.30979,0.80614,0.68607,0.7674,0.50325,1.23314,1.07423,1.25463,0.00835,0.00835,0.00835
52,4969.04,1.3646,1.21376,1.31582,0.78547,0.69841,0.76997,0.50451,1.23222,1.06403,1.25613,0.008317,0.008317,0.008317
53,5063.47,1.35103,1.19479,1.30185,0.80084,0.69061,0.77013,0.50547,1.23315,1.07063,1.25778,0.008284,0.008284,0.008284
54,5158.21,1.35045,1.19716,1.30669,0.79574,0.69753,0.77123,0.50771,1.2238,1.05984,1.2498,0.008251,0.008251,0.008251
55,5252.74,1.35585,1.19375,1.3041,0.80528,0.69302,0.7738,0.51259,1.21717,1.05847,1.24358,0.008218,0.008218,0.008218
56,5347.19,1.34044,1.18363,1.29719,0.80102,0.70031,0.77549,0.51149,1.22029,1.04521,1.24122,0.008185,0.008185,0.008185
57,5441.77,1.33907,1.17025,1.29334,0.80064,0.6982,0.777,0.5139,1.21689,1.03581,1.24399,0.008152,0.008152,0.008152
58,5536.27,1.3434,1.17297,1.29418,0.80268,0.70542,0.78202,0.51805,1.20977,1.03628,1.2378,0.008119,0.008119,0.008119
59,5630.87,1.33298,1.15708,1.28455,0.79179,0.7124,0.78074,0.51703,1.20961,1.03119,1.23502,0.008086,0.008086,0.008086
60,5725.55,1.32656,1.15822,1.28598,0.79748,0.71057,0.78139,0.51727,1.20996,1.02508,1.23679,0.008053,0.008053,0.008053
61,5819.48,1.3281,1.15631,1.28322,0.81416,0.69918,0.78376,0.52107,1.20335,1.01532,1.23021,0.00802,0.00802,0.00802
62,5914.39,1.32296,1.15109,1.2753,0.79414,0.71846,0.78557,0.52475,1.19896,1.00638,1.22736,0.007987,0.007987,0.007987
63,6008.9,1.32298,1.14525,1.27901,0.80884,0.70825,0.78703,0.52517,1.19503,1.00091,1.22334,0.007954,0.007954,0.007954
64,6103.21,1.32692,1.14162,1.27603,0.80418,0.71112,0.7882,0.52648,1.19456,1.00361,1.2234,0.007921,0.007921,0.007921
65,6197.79,1.31579,1.13002,1.27106,0.80514,0.71688,0.78778,0.52749,1.19321,1.0052,1.22279,0.007888,0.007888,0.007888
66,6291.68,1.31582,1.12725,1.2706,0.80412,0.71681,0.78812,0.52735,1.19341,0.99896,1.22091,0.007855,0.007855,0.007855
67,6385.69,1.30661,1.12193,1.26777,0.80324,0.72019,0.79078,0.5292,1.19074,0.99283,1.22069,0.007822,0.007822,0.007822
68,6479.98,1.30539,1.11392,1.26389,0.81318,0.71955,0.79162,0.532,1.18607,0.986,1.21746,0.007789,0.007789,0.007789
69,6574.94,1.30634,1.11239,1.26151,0.80485,0.72351,0.79308,0.5321,1.18315,0.98451,1.21478,0.007756,0.007756,0.007756
70,6668.97,1.30051,1.10734,1.26021,0.80842,0.72037,0.79317,0.53347,1.17766,0.97835,1.21018,0.007723,0.007723,0.007723
71,6763.45,1.30463,1.10817,1.25771,0.81049,0.72038,0.79547,0.53495,1.18023,0.97011,1.21099,0.00769,0.00769,0.00769
72,6858.09,1.29635,1.105,1.25656,0.81904,0.71383,0.7958,0.53595,1.17864,0.97399,1.20893,0.007657,0.007657,0.007657
73,6952.69,1.29868,1.09995,1.25366,0.80384,0.72767,0.79657,0.53609,1.17849,0.96867,1.20745,0.007624,0.007624,0.007624
74,7047.22,1.29673,1.09683,1.25657,0.81862,0.71771,0.79785,0.5381,1.17733,0.96503,1.20502,0.007591,0.007591,0.007591
75,7141.47,1.28857,1.08346,1.24974,0.81308,0.72426,0.79978,0.53995,1.17387,0.95952,1.20252,0.007558,0.007558,0.007558
76,7235.66,1.28785,1.08058,1.24492,0.80869,0.72903,0.80013,0.54005,1.17326,0.95843,1.20148,0.007525,0.007525,0.007525
77,7332.61,1.28332,1.07836,1.24533,0.81331,0.72833,0.80181,0.54145,1.1703,0.95632,1.19857,0.007492,0.007492,0.007492
78,7427.1,1.27897,1.06947,1.24187,0.82448,0.72035,0.80061,0.54239,1.1698,0.95444,1.19915,0.007459,0.007459,0.007459
79,7521.13,1.27629,1.07008,1.24463,0.8215,0.72212,0.80224,0.54475,1.16829,0.95016,1.19788,0.007426,0.007426,0.007426
80,7616.35,1.28047,1.07224,1.24346,0.81757,0.72744,0.80251,0.54435,1.16699,0.94955,1.19767,0.007393,0.007393,0.007393
81,7710.6,1.28375,1.06864,1.23782,0.81149,0.73246,0.80458,0.54536,1.16692,0.9425,1.19687,0.00736,0.00736,0.00736
82,7804.59,1.27647,1.06874,1.23532,0.81737,0.72994,0.80445,0.54668,1.1635,0.93889,1.19434,0.007327,0.007327,0.007327
83,7898.37,1.27412,1.05772,1.23713,0.81262,0.73685,0.80576,0.54782,1.16047,0.93594,1.19179,0.007294,0.007294,0.007294
84,7995.42,1.2701,1.06421,1.23437,0.8093,0.73962,0.80768,0.55047,1.15931,0.93017,1.19068,0.007261,0.007261,0.007261
85,8090.13,1.27179,1.04622,1.23298,0.80597,0.74468,0.81023,0.55122,1.15819,0.92827,1.18984,0.007228,0.007228,0.007228
86,8184.26,1.2721,1.05414,1.23543,0.814,0.74243,0.81055,0.55112,1.15766,0.92958,1.18852,0.007195,0.007195,0.007195
87,8278.41,1.2643,1.05168,1.23013,0.81731,0.73835,0.81041,0.5511,1.15806,0.92729,1.18873,0.007162,0.007162,0.007162
88,8372.73,1.25707,1.03804,1.22709,0.81377,0.73923,0.81043,0.55061,1.159,0.92406,1.18916,0.007129,0.007129,0.007129
89,8466.96,1.2603,1.03986,1.22614,0.81316,0.73843,0.81067,0.55216,1.15903,0.92222,1.18922,0.007096,0.007096,0.007096
90,8561.93,1.26465,1.03553,1.22728,0.81741,0.74044,0.8112,0.55278,1.15788,0.9208,1.1874,0.007063,0.007063,0.007063
91,8661.72,1.25798,1.02938,1.22217,0.82042,0.73838,0.81176,0.55276,1.15605,0.91891,1.18626,0.00703,0.00703,0.00703
92,8761.04,1.25776,1.02461,1.22487,0.82171,0.74044,0.81265,0.55295,1.15694,0.9194,1.18627,0.006997,0.006997,0.006997
93,8859.36,1.25614,1.0206,1.22219,0.82273,0.74208,0.81362,0.5542,1.15675,0.91707,1.18533,0.006964,0.006964,0.006964
94,8957.88,1.25336,1.02823,1.22091,0.82728,0.73691,0.81429,0.55525,1.15517,0.91472,1.18387,0.006931,0.006931,0.006931
95,9056.02,1.25317,1.01808,1.21531,0.82958,0.73665,0.81514,0.55575,1.15355,0.91202,1.18243,0.006898,0.006898,0.006898
96,9154.64,1.24525,1.01456,1.2151,0.8317,0.73795,0.81597,0.5573,1.15245,0.90917,1.18231,0.006865,0.006865,0.006865
97,9253,1.24193,1.01413,1.21308,0.83341,0.73782,0.81677,0.55813,1.15123,0.90759,1.18111,0.006832,0.006832,0.006832
98,9351.81,1.24566,1.01547,1.2151,0.83311,0.73869,0.8176,0.55858,1.14895,0.90649,1.17986,0.006799,0.006799,0.006799
99,9450.23,1.24606,1.00599,1.21034,0.83135,0.73952,0.81744,0.55909,1.14887,0.90656,1.17989,0.006766,0.006766,0.006766
100,9548.98,1.25118,1.01031,1.214,0.82795,0.74004,0.8173,0.55876,1.14809,0.90526,1.17909,0.006733,0.006733,0.006733
101,9647.65,1.23496,1.0009,1.20782,0.82709,0.74236,0.81725,0.55953,1.14674,0.90199,1.17745,0.0067,0.0067,0.0067
102,9745.23,1.23918,0.99807,1.2084,0.82869,0.74342,0.8171,0.5597,1.14485,0.89949,1.17627,0.006667,0.006667,0.006667
103,9843.37,1.24005,0.9985,1.2081,0.83369,0.7423,0.81761,0.56043,1.14313,0.89876,1.17514,0.006634,0.006634,0.006634
104,9941.87,1.23811,0.98874,1.20597,0.82703,0.74549,0.81867,0.56131,1.14237,0.89704,1.1743,0.006601,0.006601,0.006601
105,10047.7,1.228,0.99432,1.20397,0.82776,0.7446,0.81849,0.56198,1.14143,0.89492,1.1737,0.006568,0.006568,0.006568
106,10149.7,1.23417,0.98974,1.20213,0.82363,0.74706,0.81914,0.56201,1.14117,0.89437,1.1735,0.006535,0.006535,0.006535
107,10250.6,1.22644,0.98487,1.20442,0.82862,0.74632,0.81972,0.56247,1.13987,0.89154,1.17249,0.006502,0.006502,0.006502
108,10349.2,1.23337,0.98231,1.20235,0.82389,0.74813,0.8203,0.56333,1.13892,0.89031,1.17154,0.006469,0.006469,0.006469
109,10447.6,1.23241,0.98867,1.20184,0.82315,0.75055,0.81991,0.56336,1.13769,0.88935,1.17056,0.006436,0.006436,0.006436
110,10546,1.22289,0.98653,1.19954,0.82512,0.74945,0.82016,0.56354,1.13689,0.88713,1.16976,0.006403,0.006403,0.006403
111,10645.3,1.21926,0.9741,1.20016,0.82988,0.74457,0.81992,0.56428,1.13669,0.88637,1.16967,0.00637,0.00637,0.00637
112,10744.5,1.2199,0.97571,1.19648,0.8296,0.74683,0.82059,0.56461,1.13598,0.88483,1.16925,0.006337,0.006337,0.006337
113,10843.2,1.22012,0.97879,1.19511,0.8265,0.75053,0.82136,0.56513,1.1342,0.88231,1.1681,0.006304,0.006304,0.006304
114,10941.3,1.21496,0.96391,1.19742,0.83283,0.74893,0.82183,0.5654,1.13383,0.88147,1.16788,0.006271,0.006271,0.006271
115,11038.4,1.21433,0.96956,1.19168,0.8309,0.74919,0.82206,0.56599,1.13302,0.87998,1.16716,0.006238,0.006238,0.006238
116,11136.6,1.21982,0.96168,1.18904,0.82736,0.75332,0.82257,0.56621,1.13255,0.87818,1.16641,0.006205,0.006205,0.006205
117,11235.4,1.21418,0.95991,1.18518,0.82307,0.75483,0.82235,0.56617,1.13267,0.87714,1.16655,0.006172,0.006172,0.006172
118,11333.2,1.21551,0.96353,1.19229,0.82509,0.75235,0.82221,0.56643,1.13215,0.87702,1.16634,0.006139,0.006139,0.006139
119,11430.8,1.21366,0.96142,1.18741,0.82587,0.75158,0.82232,0.5664,1.13162,0.87577,1.16587,0.006106,0.006106,0.006106
120,11528,1.2186,0.95629,1.18819,0.82637,0.75259,0.82258,0.56669,1.13092,0.87491,1.16503,0.006073,0.006073,0.006073
121,11625.9,1.21525,0.95924,1.18496,0.82689,0.75217,0.82312,0.56733,1.13002,0.87396,1.16434,0.00604,0.00604,0.00604
122,11724.9,1.21019,0.95611,1.18696,0.8279,0.75348,0.82346,0.56758,1.12931,0.87262,1.16369,0.006007,0.006007,0.006007
123,11823.3,1.21518,0.95387,1.18535,0.82633,0.75542,0.82391,0.56784,1.12895,0.87132,1.16335,0.005974,0.005974,0.005974
124,11921.8,1.20315,0.9436,1.18227,0.82653,0.75621,0.82457,0.56849,1.12855,0.87014,1.16304,0.005941,0.005941,0.005941
125,12020.2,1.20712,0.94253,1.18335,0.83302,0.75164,0.82493,0.56921,1.12803,0.8691,1.1625,0.005908,0.005908,0.005908
126,12118.6,1.20865,0.94937,1.17907,0.82872,0.75511,0.82503,0.56961,1.12717,0.86773,1.16199,0.005875,0.005875,0.005875
127,12217.2,1.20381,0.94038,1.18037,0.83472,0.75267,0.82541,0.57002,1.12652,0.86647,1.1615,0.005842,0.005842,0.005842
128,12322.1,1.19981,0.94303,1.17921,0.83263,0.7537,0.82561,0.57056,1.1262,0.86493,1.16125,0.005809,0.005809,0.005809
129,12420.2,1.20014,0.93622,1.17737,0.83341,0.7542,0.82598,0.57067,1.12552,0.86399,1.16075,0.005776,0.005776,0.005776
130,12518.7,1.19861,0.93814,1.17108,0.83305,0.75422,0.82605,0.57081,1.12482,0.863,1.16033,0.005743,0.005743,0.005743
131,12617.2,1.19685,0.93792,1.17252,0.83311,0.75373,0.82624,0.57096,1.12452,0.86216,1.15999,0.00571,0.00571,0.00571
132,12715.9,1.19398,0.92974,1.16951,0.83633,0.75166,0.82682,0.57136,1.12451,0.86164,1.15967,0.005677,0.005677,0.005677
133,12814.4,1.1908,0.9264,1.16725,0.83256,0.7536,0.8269,0.57164,1.12397,0.86119,1.15913,0.005644,0.005644,0.005644
134,12913.5,1.18943,0.92345,1.16574,0.8307,0.75535,0.82695,0.57165,1.12326,0.86067,1.15856,0.005611,0.005611,0.005611
135,13012.2,1.19153,0.92125,1.17039,0.8293,0.75713,0.82738,0.57164,1.12288,0.85998,1.15804,0.005578,0.005578,0.005578
136,13110.2,1.19592,0.9288,1.17001,0.82836,0.75864,0.82752,0.57203,1.12252,0.85945,1.15757,0.005545,0.005545,0.005545
137,13208.4,1.18733,0.91997,1.16725,0.83033,0.75653,0.82746,0.57206,1.12206,0.85882,1.15727,0.005512,0.005512,0.005512
138,13307.3,1.18543,0.91932,1.16719,0.83145,0.75667,0.82782,0.5722,1.12174,0.85805,1.15699,0.005479,0.005479,0.005479
139,13405.7,1.1868,0.91741,1.16492,0.82869,0.75787,0.82836,0.57203,1.12185,0.85757,1.15682,0.005446,0.005446,0.005446
140,13504,1.1847,0.91774,1.16238,0.83023,0.75761,0.82835,0.57214,1.12149,0.85727,1.15631,0.005413,0.005413,0.005413
141,13602.6,1.1825,0.9168,1.15745,0.8311,0.75593,0.82799,0.57239,1.12102,0.8566,1.15586,0.00538,0.00538,0.00538
142,13701.2,1.18242,0.91378,1.16082,0.82721,0.75807,0.82821,0.57259,1.1205,0.85571,1.15538,0.005347,0.005347,0.005347
143,13800,1.18358,0.90991,1.16184,0.83006,0.75663,0.82842,0.57264,1.12012,0.85518,1.155,0.005314,0.005314,0.005314
144,13898.8,1.16997,0.90527,1.15611,0.82974,0.75805,0.82847,0.57261,1.1198,0.85462,1.15482,0.005281,0.005281,0.005281
145,13997.5,1.18519,0.91222,1.16243,0.82725,0.76017,0.82869,0.57243,1.11952,0.8543,1.15442,0.005248,0.005248,0.005248
146,14096.6,1.18228,0.90687,1.15911,0.82903,0.75969,0.82895,0.57259,1.11917,0.85405,1.15425,0.005215,0.005215,0.005215
147,14195,1.17423,0.89957,1.15593,0.82913,0.75912,0.82908,0.57249,1.11923,0.8538,1.15409,0.005182,0.005182,0.005182
148,14294.6,1.17525,0.90307,1.15954,0.83112,0.75852,0.82944,0.57285,1.11934,0.85299,1.1541,0.005149,0.005149,0.005149
149,14394.2,1.1681,0.89389,1.15444,0.82968,0.76017,0.82956,0.57327,1.11905,0.85244,1.15376,0.005116,0.005116,0.005116
150,14498.2,1.17424,0.90256,1.15891,0.82902,0.76029,0.82977,0.57332,1.1192,0.85191,1.15406,0.005083,0.005083,0.005083
151,14596.6,1.16353,0.89507,1.15421,0.83016,0.75907,0.82966,0.57371,1.11894,0.85132,1.15378,0.00505,0.00505,0.00505
152,14696.6,1.17146,0.89605,1.15384,0.82652,0.76242,0.82968,0.57385,1.11873,0.85125,1.15356,0.005017,0.005017,0.005017
153,14800.8,1.16993,0.89856,1.15065,0.82578,0.76281,0.83001,0.57428,1.11866,0.85051,1.15333,0.004984,0.004984,0.004984
154,14903.7,1.17039,0.8879,1.14941,0.82503,0.76266,0.82971,0.5741,1.11828,0.85016,1.15306,0.004951,0.004951,0.004951
155,15002.8,1.17361,0.89005,1.1505,0.82559,0.76285,0.82967,0.57459,1.11797,0.84993,1.15267,0.004918,0.004918,0.004918
156,15101.5,1.1608,0.88131,1.1501,0.82566,0.76311,0.82959,0.5746,1.11756,0.84975,1.15229,0.004885,0.004885,0.004885
157,15200.6,1.16736,0.88633,1.14915,0.82456,0.7641,0.82986,0.57467,1.11712,0.84913,1.15175,0.004852,0.004852,0.004852
158,15298.9,1.16286,0.88803,1.14775,0.8254,0.76429,0.83,0.57509,1.11684,0.84886,1.15136,0.004819,0.004819,0.004819
159,15398.6,1.16644,0.88545,1.14847,0.82587,0.76427,0.83016,0.5753,1.11668,0.84834,1.15122,0.004786,0.004786,0.004786
160,15500.4,1.1532,0.87501,1.14299,0.82565,0.76515,0.82998,0.57535,1.11621,0.84791,1.15062,0.004753,0.004753,0.004753
161,15598.9,1.15735,0.8787,1.14558,0.82617,0.76552,0.83005,0.57561,1.11585,0.84772,1.15036,0.00472,0.00472,0.00472
162,15696.9,1.16056,0.87015,1.14506,0.82559,0.76641,0.83006,0.57561,1.11564,0.8473,1.15025,0.004687,0.004687,0.004687
163,15796.3,1.14982,0.8723,1.13974,0.82613,0.76579,0.83032,0.57575,1.11537,0.84671,1.14991,0.004654,0.004654,0.004654
164,15895.1,1.15746,0.8705,1.14061,0.82541,0.76602,0.83015,0.57574,1.11493,0.84636,1.14929,0.004621,0.004621,0.004621
165,15994.2,1.1601,0.87485,1.14251,0.82489,0.7656,0.83015,0.57621,1.1146,0.84624,1.14897,0.004588,0.004588,0.004588
166,16095.3,1.15322,0.8676,1.13914,0.82677,0.76506,0.83034,0.57669,1.11433,0.8459,1.14876,0.004555,0.004555,0.004555
167,16194.5,1.15038,0.87161,1.13979,0.82574,0.76576,0.83052,0.5766,1.11427,0.8456,1.14866,0.004522,0.004522,0.004522
168,16293.7,1.15506,0.86959,1.13933,0.82555,0.76627,0.83053,0.5767,1.11379,0.84501,1.1481,0.004489,0.004489,0.004489
169,16392,1.14998,0.86934,1.14098,0.82599,0.7664,0.83056,0.57674,1.11345,0.84431,1.1478,0.004456,0.004456,0.004456
170,16491.2,1.1503,0.86114,1.13708,0.8262,0.76633,0.83069,0.57688,1.11292,0.84384,1.14735,0.004423,0.004423,0.004423
171,16590.8,1.14484,0.85747,1.13656,0.82536,0.76684,0.83093,0.57701,1.11264,0.84343,1.147,0.00439,0.00439,0.00439
172,16689.1,1.14635,0.8636,1.13736,0.82669,0.7663,0.83102,0.57689,1.11243,0.84298,1.14676,0.004357,0.004357,0.004357
173,16787,1.15088,0.86267,1.13883,0.82767,0.76646,0.83112,0.5773,1.11215,0.84238,1.14659,0.004324,0.004324,0.004324
174,16884.7,1.14772,0.85884,1.13922,0.82722,0.76647,0.83122,0.57738,1.11203,0.84213,1.14633,0.004291,0.004291,0.004291
175,16982.6,1.1363,0.85082,1.12997,0.82954,0.76508,0.8314,0.57764,1.1119,0.8417,1.14606,0.004258,0.004258,0.004258
176,17081.6,1.14795,0.85946,1.13534,0.8291,0.76547,0.83142,0.57767,1.11158,0.84163,1.14572,0.004225,0.004225,0.004225
177,17180.4,1.13625,0.84926,1.13232,0.82922,0.76516,0.83178,0.57779,1.11139,0.84125,1.14544,0.004192,0.004192,0.004192
178,17279.7,1.13564,0.84974,1.13414,0.82958,0.76535,0.8317,0.57777,1.11133,0.84075,1.14533,0.004159,0.004159,0.004159
179,17378.2,1.13865,0.84756,1.13286,0.83002,0.76488,0.83173,0.57793,1.11122,0.84037,1.14521,0.004126,0.004126,0.004126
180,17477,1.13922,0.85112,1.13338,0.8296,0.76593,0.83172,0.57834,1.11091,0.84001,1.14469,0.004093,0.004093,0.004093
181,17575.8,1.12956,0.8421,1.1262,0.83005,0.76613,0.83197,0.57854,1.1107,0.83957,1.14445,0.00406,0.00406,0.00406
182,17678.3,1.13238,0.84645,1.12904,0.8294,0.7664,0.83214,0.57859,1.1104,0.83947,1.14426,0.004027,0.004027,0.004027
183,17777.1,1.1318,0.84473,1.12905,0.82966,0.76634,0.83205,0.57847,1.1103,0.83936,1.14399,0.003994,0.003994,0.003994
184,17876.1,1.12908,0.83944,1.12351,0.83076,0.76631,0.83209,0.57862,1.11004,0.83911,1.14374,0.003961,0.003961,0.003961
185,17974.9,1.13587,0.84325,1.12934,0.83246,0.76554,0.83225,0.57883,1.10991,0.83876,1.14359,0.003928,0.003928,0.003928
186,18073.5,1.12429,0.83247,1.12342,0.83367,0.76504,0.83243,0.57884,1.10967,0.83825,1.14336,0.003895,0.003895,0.003895
187,18174.6,1.13489,0.84,1.1259,0.83442,0.76502,0.83218,0.57883,1.10952,0.83832,1.14312,0.003862,0.003862,0.003862
188,18274.7,1.12137,0.8304,1.12005,0.83339,0.76558,0.83222,0.57899,1.10923,0.83798,1.14279,0.003829,0.003829,0.003829
189,18379.4,1.12633,0.83349,1.1246,0.82822,0.76848,0.83245,0.57912,1.10897,0.83756,1.14253,0.003796,0.003796,0.003796
190,18478.8,1.12721,0.83489,1.1261,0.82942,0.76751,0.83257,0.57955,1.10879,0.83752,1.14214,0.003763,0.003763,0.003763
191,18572.8,1.12324,0.83024,1.12312,0.83052,0.76702,0.8328,0.57934,1.10852,0.83714,1.14187,0.00373,0.00373,0.00373
192,18665.5,1.12484,0.82605,1.11936,0.83054,0.76679,0.83296,0.57942,1.10844,0.83698,1.14161,0.003697,0.003697,0.003697
193,18758.3,1.11877,0.82748,1.11932,0.83303,0.76623,0.83295,0.57981,1.10816,0.83673,1.14126,0.003664,0.003664,0.003664
194,18851.2,1.11722,0.82569,1.1178,0.83157,0.76697,0.83306,0.57971,1.10788,0.83617,1.14097,0.003631,0.003631,0.003631
195,18944.2,1.12144,0.82877,1.12115,0.83059,0.76737,0.8331,0.57976,1.10769,0.83579,1.14077,0.003598,0.003598,0.003598
196,19037,1.11888,0.82097,1.12024,0.83017,0.7678,0.8333,0.58018,1.10749,0.83555,1.14048,0.003565,0.003565,0.003565
197,19130.3,1.11415,0.81735,1.11641,0.82921,0.76905,0.83317,0.58034,1.10745,0.83527,1.14036,0.003532,0.003532,0.003532
198,19222.8,1.11863,0.81906,1.11853,0.82963,0.76896,0.83342,0.58046,1.10708,0.83485,1.14009,0.003499,0.003499,0.003499
199,19318,1.11437,0.8144,1.11831,0.83087,0.76859,0.83372,0.58076,1.10683,0.83473,1.13978,0.003466,0.003466,0.003466
200,19411,1.11226,0.80785,1.11585,0.83099,0.76848,0.83371,0.58096,1.10645,0.83429,1.13947,0.003433,0.003433,0.003433
201,19503.9,1.10936,0.80451,1.11356,0.83268,0.76758,0.83373,0.58114,1.10628,0.83372,1.13928,0.0034,0.0034,0.0034
202,19596.7,1.10935,0.81479,1.11442,0.83235,0.76834,0.83378,0.5814,1.10593,0.83337,1.13893,0.003367,0.003367,0.003367
203,19689.3,1.11242,0.8112,1.11357,0.83268,0.76852,0.83391,0.5817,1.10566,0.83308,1.13873,0.003334,0.003334,0.003334
204,19782.4,1.10809,0.80657,1.11193,0.83391,0.76702,0.83388,0.58184,1.10555,0.83266,1.13851,0.003301,0.003301,0.003301
205,19875.1,1.108,0.80445,1.10995,0.83417,0.76713,0.83407,0.58191,1.10518,0.83243,1.13825,0.003268,0.003268,0.003268
206,19968,1.11133,0.81074,1.11714,0.83438,0.76581,0.83398,0.58202,1.10496,0.832,1.13812,0.003235,0.003235,0.003235
207,20060.4,1.10597,0.80672,1.11577,0.83403,0.76745,0.83424,0.58205,1.10455,0.83167,1.13755,0.003202,0.003202,0.003202
208,20153.4,1.10275,0.80512,1.11268,0.83479,0.7672,0.83423,0.58215,1.10442,0.83151,1.13747,0.003169,0.003169,0.003169
209,20245.9,1.10211,0.80601,1.10875,0.83253,0.76781,0.83441,0.58223,1.10427,0.83122,1.13715,0.003136,0.003136,0.003136
210,20338.7,1.09657,0.79661,1.10851,0.83375,0.76785,0.83418,0.58233,1.10408,0.83113,1.13688,0.003103,0.003103,0.003103
211,20431.9,1.10255,0.80322,1.1133,0.83409,0.76839,0.83437,0.58238,1.10401,0.83089,1.13671,0.00307,0.00307,0.00307
212,20524.7,1.1055,0.80374,1.11273,0.83414,0.76797,0.83439,0.58263,1.10369,0.83046,1.13639,0.003037,0.003037,0.003037
213,20617.6,1.10088,0.79749,1.10637,0.83454,0.76794,0.83446,0.58269,1.10343,0.83023,1.13618,0.003004,0.003004,0.003004
214,20710.3,1.10346,0.79525,1.1055,0.83518,0.76756,0.83447,0.58278,1.10328,0.83007,1.13596,0.002971,0.002971,0.002971
215,20802.9,1.08904,0.79091,1.10233,0.83497,0.76792,0.83451,0.58298,1.10303,0.83001,1.13577,0.002938,0.002938,0.002938
216,20895.5,1.09546,0.79134,1.1053,0.83569,0.76784,0.8347,0.58313,1.10284,0.8295,1.13553,0.002905,0.002905,0.002905
217,20988.5,1.09121,0.78981,1.10202,0.8361,0.76796,0.83502,0.58316,1.10255,0.8293,1.13528,0.002872,0.002872,0.002872
218,21081.7,1.09559,0.79035,1.10327,0.83607,0.7682,0.83513,0.58335,1.10239,0.82903,1.13504,0.002839,0.002839,0.002839
219,21175,1.09258,0.78593,1.1022,0.83701,0.76827,0.83536,0.58343,1.10216,0.82864,1.1348,0.002806,0.002806,0.002806
220,21267.4,1.09087,0.79099,1.10178,0.83627,0.76956,0.83569,0.58323,1.10191,0.82821,1.13445,0.002773,0.002773,0.002773
221,21360.6,1.09576,0.78934,1.10293,0.83522,0.76976,0.83569,0.58334,1.10174,0.82787,1.13414,0.00274,0.00274,0.00274
222,21453.9,1.09251,0.78317,1.10264,0.83547,0.77004,0.83569,0.58347,1.10166,0.82754,1.13398,0.002707,0.002707,0.002707
223,21546.9,1.08212,0.77684,1.09587,0.83592,0.76986,0.836,0.58356,1.10162,0.82736,1.13383,0.002674,0.002674,0.002674
224,21639.9,1.08613,0.77979,1.10005,0.83631,0.76973,0.83596,0.58369,1.10147,0.82692,1.13355,0.002641,0.002641,0.002641
225,21732.7,1.08947,0.78177,1.10303,0.83742,0.76981,0.83605,0.5836,1.10141,0.82672,1.13338,0.002608,0.002608,0.002608
226,21825.5,1.08266,0.77591,1.09775,0.8355,0.77132,0.83643,0.5839,1.10112,0.82647,1.13315,0.002575,0.002575,0.002575
227,21918.4,1.0874,0.78651,1.10029,0.83571,0.77158,0.8365,0.58423,1.101,0.82617,1.13299,0.002542,0.002542,0.002542
228,22011.4,1.08201,0.77364,1.09827,0.83581,0.77242,0.83657,0.58389,1.1007,0.82596,1.13272,0.002509,0.002509,0.002509
229,22103.5,1.08571,0.77461,1.09667,0.83597,0.77207,0.83683,0.58419,1.10064,0.82576,1.13255,0.002476,0.002476,0.002476
230,22196.5,1.07797,0.76816,1.09232,0.83593,0.77243,0.8367,0.58434,1.10059,0.82555,1.13242,0.002443,0.002443,0.002443
231,22288.9,1.07134,0.76619,1.0922,0.83609,0.77259,0.83682,0.58423,1.10058,0.82524,1.13226,0.00241,0.00241,0.00241
232,22381.7,1.07563,0.76584,1.09497,0.8368,0.77258,0.83706,0.58447,1.1006,0.82518,1.13218,0.002377,0.002377,0.002377
233,22475.5,1.08043,0.77041,1.09271,0.83791,0.77241,0.8368,0.58448,1.10026,0.82495,1.13204,0.002344,0.002344,0.002344
234,22568.4,1.07442,0.76089,1.09283,0.83592,0.77332,0.83701,0.58471,1.10028,0.82449,1.13191,0.002311,0.002311,0.002311
235,22661.2,1.07325,0.76162,1.0936,0.83746,0.77312,0.83708,0.58487,1.09993,0.82435,1.13167,0.002278,0.002278,0.002278
236,22757,1.06644,0.76073,1.08978,0.83656,0.77405,0.83727,0.58514,1.09964,0.82407,1.13141,0.002245,0.002245,0.002245
237,22849.8,1.07383,0.75863,1.09114,0.835,0.77514,0.83745,0.58526,1.09973,0.82391,1.13131,0.002212,0.002212,0.002212
238,22942.4,1.07085,0.75994,1.0906,0.83598,0.77341,0.83752,0.58518,1.09967,0.82408,1.13121,0.002179,0.002179,0.002179
239,23035.4,1.06975,0.75981,1.08843,0.83549,0.77344,0.83756,0.58536,1.09972,0.82374,1.1311,0.002146,0.002146,0.002146
240,23128.6,1.06902,0.75175,1.0892,0.83574,0.7731,0.83762,0.58555,1.09945,0.82354,1.13082,0.002113,0.002113,0.002113
241,23221.4,1.0603,0.75353,1.08774,0.83668,0.77261,0.83768,0.58561,1.09934,0.82324,1.13066,0.00208,0.00208,0.00208
242,23314.6,1.0635,0.75095,1.08629,0.8377,0.77186,0.83755,0.58555,1.09917,0.82312,1.13056,0.002047,0.002047,0.002047
243,23406.9,1.06145,0.75144,1.08582,0.83621,0.77321,0.83784,0.5861,1.09903,0.82326,1.13029,0.002014,0.002014,0.002014
244,23499.4,1.06161,0.75053,1.08601,0.83745,0.77223,0.83781,0.58601,1.09881,0.82307,1.13008,0.001981,0.001981,0.001981
245,23592.4,1.0611,0.74544,1.08287,0.83551,0.77378,0.83796,0.58616,1.09867,0.82313,1.12987,0.001948,0.001948,0.001948
246,23685.3,1.05925,0.74807,1.08506,0.83605,0.7741,0.83803,0.58609,1.09873,0.82308,1.12974,0.001915,0.001915,0.001915
247,23783,1.05739,0.74623,1.08426,0.83657,0.77369,0.83805,0.58629,1.09874,0.8229,1.12963,0.001882,0.001882,0.001882
248,23876.7,1.05833,0.74419,1.08392,0.83717,0.77373,0.83795,0.58654,1.09866,0.82284,1.12937,0.001849,0.001849,0.001849
249,23970.1,1.04475,0.7338,1.07995,0.83609,0.77507,0.83831,0.58657,1.09856,0.82266,1.12927,0.001816,0.001816,0.001816
250,24062.8,1.04955,0.74403,1.08487,0.83652,0.7744,0.83826,0.58649,1.0986,0.82259,1.12924,0.001783,0.001783,0.001783
251,24156.3,1.06108,0.7415,1.08287,0.83859,0.77319,0.83833,0.58667,1.09854,0.82251,1.12914,0.00175,0.00175,0.00175
252,24249.7,1.05511,0.73853,1.07929,0.8374,0.77451,0.83854,0.58685,1.09852,0.82229,1.12904,0.001717,0.001717,0.001717
253,24342.8,1.04795,0.73733,1.0808,0.83718,0.77483,0.83835,0.58674,1.09848,0.82197,1.12892,0.001684,0.001684,0.001684
254,24436.5,1.04444,0.73392,1.07751,0.84018,0.77277,0.83847,0.58685,1.09848,0.82192,1.12882,0.001651,0.001651,0.001651
255,24529.8,1.05419,0.73602,1.07981,0.84065,0.77274,0.83851,0.58712,1.0984,0.82174,1.12874,0.001618,0.001618,0.001618
256,24623,1.05225,0.73409,1.08102,0.84095,0.77296,0.8385,0.58742,1.09828,0.82139,1.12854,0.001585,0.001585,0.001585
257,24718.3,1.0504,0.73176,1.07917,0.83917,0.7735,0.83853,0.58746,1.09794,0.82136,1.12836,0.001552,0.001552,0.001552
258,24811.1,1.0473,0.73006,1.07557,0.84023,0.77308,0.83872,0.58756,1.09803,0.82111,1.12838,0.001519,0.001519,0.001519
259,24904.1,1.05062,0.73277,1.07792,0.84085,0.77219,0.83863,0.58756,1.09794,0.82109,1.12819,0.001486,0.001486,0.001486
260,25006.2,1.04559,0.7305,1.0788,0.8415,0.77231,0.8388,0.58743,1.09782,0.82078,1.12814,0.001453,0.001453,0.001453
261,25102.5,1.04089,0.73202,1.07684,0.84155,0.77235,0.83879,0.58724,1.09767,0.82061,1.12788,0.00142,0.00142,0.00142
262,25194.9,1.04189,0.72569,1.07423,0.84187,0.77212,0.83871,0.58743,1.09767,0.82054,1.12785,0.001387,0.001387,0.001387
263,25287.5,1.03762,0.72222,1.07258,0.84095,0.77224,0.83862,0.58766,1.09753,0.82032,1.12759,0.001354,0.001354,0.001354
264,25380.6,1.03948,0.72082,1.07471,0.84173,0.77217,0.83892,0.58755,1.09745,0.82005,1.12745,0.001321,0.001321,0.001321
265,25473.5,1.0454,0.72643,1.0742,0.84185,0.77233,0.8389,0.58766,1.09722,0.82012,1.12732,0.001288,0.001288,0.001288
266,25566.3,1.03606,0.71795,1.06729,0.84097,0.77229,0.83894,0.58744,1.09726,0.81982,1.12728,0.001255,0.001255,0.001255
267,25663,1.04256,0.72165,1.07342,0.84321,0.77142,0.83903,0.58778,1.09726,0.81972,1.1272,0.001222,0.001222,0.001222
268,25756.4,1.03105,0.71595,1.07114,0.8433,0.77149,0.83889,0.58808,1.09726,0.81971,1.12717,0.001189,0.001189,0.001189
269,25849.7,1.02619,0.71282,1.06932,0.84344,0.77133,0.839,0.588,1.09716,0.81952,1.1271,0.001156,0.001156,0.001156
270,25942.6,1.03326,0.71093,1.06995,0.84284,0.77144,0.83905,0.58808,1.09691,0.81913,1.12692,0.001123,0.001123,0.001123
271,26036.2,1.03088,0.71111,1.06853,0.84469,0.77077,0.83902,0.58822,1.09693,0.81915,1.12679,0.00109,0.00109,0.00109
272,26129.5,1.02807,0.71157,1.0701,0.84161,0.77254,0.83903,0.58818,1.09688,0.8191,1.1267,0.001057,0.001057,0.001057
273,26222.6,1.03113,0.71339,1.07,0.84271,0.77177,0.83884,0.58825,1.0971,0.81899,1.12673,0.001024,0.001024,0.001024
274,26316.2,1.01873,0.70378,1.06737,0.84104,0.77364,0.83912,0.58827,1.09706,0.81854,1.12663,0.000991,0.000991,0.000991
275,26409.6,1.02438,0.70644,1.06453,0.84235,0.77396,0.83927,0.58853,1.097,0.81853,1.1265,0.000958,0.000958,0.000958
276,26503.2,1.03033,0.70991,1.06891,0.84218,0.77419,0.8392,0.58843,1.09713,0.81859,1.12643,0.000925,0.000925,0.000925
277,26596.7,1.02431,0.70306,1.06776,0.84398,0.77231,0.83951,0.58847,1.09711,0.81844,1.12643,0.000892,0.000892,0.000892
278,26693.5,1.02194,0.70074,1.06593,0.84274,0.77394,0.83943,0.5884,1.09699,0.81826,1.12617,0.000859,0.000859,0.000859
279,26790,1.02367,0.70225,1.0664,0.84359,0.77381,0.8397,0.58843,1.09704,0.81812,1.12624,0.000826,0.000826,0.000826
280,26888.9,1.02297,0.69969,1.06471,0.84282,0.77463,0.83963,0.58843,1.09684,0.81793,1.12604,0.000793,0.000793,0.000793
281,26986.4,1.01688,0.69689,1.06243,0.84283,0.77404,0.83944,0.58848,1.09689,0.81763,1.12602,0.00076,0.00076,0.00076
282,27084,1.01911,0.69882,1.06289,0.84185,0.77443,0.83966,0.5884,1.09687,0.81738,1.12606,0.000727,0.000727,0.000727
283,27181.3,1.01833,0.69729,1.06532,0.84122,0.77426,0.8394,0.58838,1.0969,0.81733,1.12608,0.000694,0.000694,0.000694
284,27279.8,1.01842,0.7004,1.0638,0.84368,0.77275,0.83945,0.58865,1.09709,0.81744,1.12607,0.000661,0.000661,0.000661
285,27377.2,1.01606,0.69732,1.06277,0.8488,0.76756,0.83929,0.58847,1.09697,0.81731,1.1261,0.000628,0.000628,0.000628
286,27471.4,1.01583,0.69044,1.05857,0.84941,0.76794,0.8395,0.58883,1.09706,0.8174,1.12601,0.000595,0.000595,0.000595
287,27564.5,1.01021,0.69555,1.0631,0.84828,0.76936,0.8396,0.58889,1.09695,0.81724,1.12603,0.000562,0.000562,0.000562
288,27658.1,1.01035,0.69037,1.06113,0.84651,0.7699,0.83922,0.5889,1.09698,0.81713,1.12594,0.000529,0.000529,0.000529
289,27751.1,1.0048,0.68744,1.06031,0.8471,0.7692,0.83926,0.58881,1.09676,0.81704,1.12581,0.000496,0.000496,0.000496
290,27844.8,1.01549,0.69118,1.05904,0.84773,0.76943,0.83932,0.58886,1.09688,0.81723,1.1258,0.000463,0.000463,0.000463
291,27976.3,0.96989,0.62197,1.03191,0.84903,0.76888,0.83953,0.589,1.09684,0.81696,1.12573,0.00043,0.00043,0.00043
292,28062.1,0.94984,0.60107,1.02372,0.84809,0.76932,0.83966,0.58894,1.09688,0.81687,1.12575,0.000397,0.000397,0.000397
293,28147.6,0.94672,0.59556,1.02147,0.84813,0.76935,0.83973,0.58902,1.09674,0.81679,1.12564,0.000364,0.000364,0.000364
294,28233,0.94438,0.58903,1.02486,0.8485,0.76877,0.83953,0.58896,1.09667,0.81661,1.12564,0.000331,0.000331,0.000331
295,28318.7,0.94349,0.58623,1.01925,0.85061,0.76664,0.83918,0.58901,1.0966,0.81647,1.12569,0.000298,0.000298,0.000298
296,28403.9,0.93384,0.58322,1.01464,0.85044,0.76703,0.83929,0.58897,1.09647,0.81632,1.12554,0.000265,0.000265,0.000265
297,28489.1,0.94207,0.5825,1.01759,0.85043,0.76817,0.83955,0.58921,1.0964,0.81638,1.12554,0.000232,0.000232,0.000232
298,28574.4,0.9332,0.58071,1.01313,0.85012,0.76801,0.83971,0.58918,1.09631,0.8166,1.12543,0.000199,0.000199,0.000199
299,28660.1,0.92903,0.5789,1.01471,0.84947,0.76947,0.83963,0.58924,1.09621,0.81644,1.12533,0.000166,0.000166,0.000166
300,28745.6,0.93188,0.57578,1.01419,0.84964,0.76924,0.83924,0.58912,1.09612,0.81656,1.12518,0.000133,0.000133,0.000133
